SheetVersion0

[SheetInfo]
AudioFileName=hageshi konoyoru
AudioViewTime=30
ImageFileName=hageshi konoyoru_Img
BPM=150
Offset=0
Beat=44
Bit=32
Bar=80
prePlay=35

[ContentInfo]
Title=hageshi konoyoru
Artist=kovaryo and aran
Source=osu
Sheet=idk
Difficult=10
FootNote=150BPM, osu

[NoteInfo]
64,192,14771,5,2,3:0:0:0:
192,192,14771,1,0,0:0:0:0:
448,192,14771,1,2,3:0:0:0:
320,192,14971,1,0,0:0:0:0:
320,192,15071,1,0,0:0:0:0:
64,192,15171,1,0,0:0:0:0:
192,192,15171,1,0,0:0:0:0:
448,192,15371,1,0,0:0:0:0:
448,192,15471,1,0,0:0:0:0:
320,192,15571,1,0,0:0:0:0:
64,192,15571,1,0,0:0:0:0:
192,192,15771,1,0,0:0:0:0:
192,192,15871,1,0,0:0:0:0:
320,192,15971,1,0,0:0:0:0:
448,192,15971,1,0,0:0:0:0:
64,192,16171,128,0,16471:0:0:0:0:
320,192,16271,1,0,0:0:0:0:
448,192,16371,1,0,0:0:0:0:
192,192,16371,1,0,0:0:0:0:
64,192,16571,1,0,0:0:0:0:
64,192,16671,1,0,0:0:0:0:
320,192,16771,1,0,0:0:0:0:
448,192,16771,1,0,0:0:0:0:
192,192,16971,1,0,0:0:0:0:
192,192,17071,1,0,0:0:0:0:
64,192,17171,1,0,0:0:0:0:
320,192,17171,1,0,0:0:0:0:
448,192,17371,1,0,0:0:0:0:
448,192,17471,1,0,0:0:0:0:
192,192,17571,1,0,0:0:0:0:
64,192,17571,1,0,0:0:0:0:
320,192,17771,1,0,0:0:0:0:
320,192,17871,1,0,0:0:0:0:
64,192,17971,1,0,0:0:0:0:
448,192,17971,1,0,0:0:0:0:
192,192,18171,1,0,0:0:0:0:
192,192,18271,1,0,0:0:0:0:
320,192,18371,1,0,0:0:0:0:
64,192,18371,1,0,0:0:0:0:
192,192,18571,1,0,0:0:0:0:
320,192,18671,1,0,0:0:0:0:
448,192,18771,128,0,19571:0:0:0:0:
64,192,18771,1,0,0:0:0:0:
192,192,18971,1,0,0:0:0:0:
320,192,19071,1,0,0:0:0:0:
64,192,19171,1,0,0:0:0:0:
192,192,19171,1,0,0:0:0:0:
192,192,19371,1,0,0:0:0:0:
192,192,19471,1,0,0:0:0:0:
64,192,19571,128,0,19771:0:0:0:0:
320,192,19571,1,4,0:0:0:0:
192,192,19771,128,0,19871:0:0:0:0:
448,192,19871,128,0,19971:0:0:0:0:
320,192,19971,128,0,20171:0:0:0:0:
64,192,20171,128,0,20271:0:0:0:0:
192,192,20271,128,0,20471:0:0:0:0:
448,192,20571,128,0,20671:0:0:0:0:
64,192,20671,128,0,20771:0:0:0:0:
320,192,20771,128,0,20871:0:0:0:0:
64,192,20871,128,0,20971:0:0:0:0:
192,192,20971,128,0,21171:0:0:0:0:
320,192,21171,1,6,0:0:0:0:
448,192,21171,1,6,0:0:0:0:
64,192,21271,1,0,0:0:0:0:
192,192,21371,1,0,0:0:0:0:
448,192,21371,1,0,0:0:0:0:
320,192,21471,1,0,0:0:0:0:
192,192,21571,1,0,0:0:0:0:
64,192,21571,1,0,0:0:0:0:
448,192,21671,1,0,0:0:0:0:
64,192,21771,1,0,0:0:0:0:
320,192,21771,1,0,0:0:0:0:
192,192,21871,1,0,0:0:0:0:
320,192,21971,1,0,0:0:0:0:
448,192,21971,1,0,0:0:0:0:
64,192,22071,1,0,0:0:0:0:
192,192,22171,1,0,0:0:0:0:
448,192,22171,1,0,0:0:0:0:
320,192,22271,1,0,0:0:0:0:
192,192,22371,1,0,0:0:0:0:
64,192,22371,1,0,0:0:0:0:
448,192,22471,1,0,0:0:0:0:
320,192,22571,1,0,0:0:0:0:
64,192,22571,1,0,0:0:0:0:
192,192,22671,1,0,0:0:0:0:
320,192,22771,1,0,0:0:0:0:
448,192,22771,1,0,0:0:0:0:
64,192,22871,1,0,0:0:0:0:
192,192,22971,1,0,0:0:0:0:
448,192,22971,1,0,0:0:0:0:
320,192,23071,1,0,0:0:0:0:
448,192,23171,1,0,0:0:0:0:
64,192,23171,1,0,0:0:0:0:
192,192,23271,1,0,0:0:0:0:
320,192,23371,1,0,0:0:0:0:
448,192,23371,1,0,0:0:0:0:
64,192,23471,1,0,0:0:0:0:
192,192,23571,1,0,0:0:0:0:
448,192,23571,1,0,0:0:0:0:
320,192,23671,1,0,0:0:0:0:
448,192,23771,1,0,0:0:0:0:
64,192,23771,1,0,0:0:0:0:
192,192,23871,1,0,0:0:0:0:
320,192,23971,1,0,0:0:0:0:
64,192,23971,1,0,0:0:0:0:
448,192,24071,1,0,0:0:0:0:
192,192,24171,1,0,0:0:0:0:
64,192,24171,1,0,0:0:0:0:
320,192,24271,1,0,0:0:0:0:
64,192,24371,1,0,0:0:0:0:
192,192,24371,1,0,0:0:0:0:
320,192,24471,1,0,0:0:0:0:
448,192,24471,1,0,0:0:0:0:
192,192,24571,1,0,0:0:0:0:
64,192,24571,1,0,0:0:0:0:
320,192,24671,1,0,0:0:0:0:
448,192,24771,1,0,0:0:0:0:
192,192,24771,1,0,0:0:0:0:
320,192,24871,1,0,0:0:0:0:
64,192,24871,1,0,0:0:0:0:
448,192,24971,1,0,0:0:0:0:
192,192,24971,1,0,0:0:0:0:
320,192,25071,1,0,0:0:0:0:
64,192,25171,1,0,0:0:0:0:
448,192,25171,1,0,0:0:0:0:
192,192,25271,1,0,0:0:0:0:
320,192,25271,1,0,0:0:0:0:
64,192,25371,1,0,0:0:0:0:
448,192,25371,1,0,0:0:0:0:
320,192,25471,1,0,0:0:0:0:
64,192,25571,1,0,0:0:0:0:
192,192,25621,1,0,0:0:0:0:
320,192,25671,1,0,0:0:0:0:
448,192,25721,1,0,0:0:0:0:
64,192,25771,1,0,0:0:0:0:
192,192,25821,1,0,0:0:0:0:
320,192,25871,1,0,0:0:0:0:
448,192,25921,1,0,0:0:0:0:
64,192,25971,128,0,26021:0:0:0:0:
192,192,26021,128,0,26071:0:0:0:0:
320,192,26071,128,0,26121:0:0:0:0:
448,192,26121,128,0,26221:0:0:0:0:
448,192,26271,128,0,26371:0:0:0:0:
320,192,26371,128,0,26471:0:0:0:0:
64,192,26371,128,0,26571:0:0:0:0:
320,192,26571,128,0,26671:0:0:0:0:
192,192,26571,128,0,26771:0:0:0:0:
448,192,26771,128,0,26821:0:0:0:0:
192,192,26871,128,0,26921:0:0:0:0:
320,192,26971,128,0,27021:0:0:0:0:
64,192,27071,128,0,27121:0:0:0:0:
448,192,27171,128,0,27221:0:0:0:0:
320,192,27221,128,0,27271:0:0:0:0:
192,192,27271,128,0,27321:0:0:0:0:
64,192,27321,128,0,27371:0:0:0:0:
448,192,27371,128,0,27421:0:0:0:0:
192,192,27421,128,0,27471:0:0:0:0:
64,192,27471,128,0,27521:0:0:0:0:
320,192,27521,128,0,27571:0:0:0:0:
192,192,27571,1,0,0:0:0:0:
64,192,27571,1,0,0:0:0:0:
448,192,27571,1,6,0:0:0:0:
64,192,27671,1,0,0:0:0:0:
320,192,27771,1,0,0:0:0:0:
320,192,27871,1,0,0:0:0:0:
448,192,27971,1,0,0:0:0:0:
192,192,27971,1,0,0:0:0:0:
64,192,28071,1,0,0:0:0:0:
192,192,28171,1,0,0:0:0:0:
192,192,28271,1,0,0:0:0:0:
320,192,28371,1,0,0:0:0:0:
448,192,28371,1,0,0:0:0:0:
64,192,28471,1,0,0:0:0:0:
448,192,28571,1,0,0:0:0:0:
448,192,28671,1,0,0:0:0:0:
192,192,28771,1,0,0:0:0:0:
64,192,28771,1,0,0:0:0:0:
320,192,28871,1,0,0:0:0:0:
448,192,28971,1,0,0:0:0:0:
448,192,29071,1,0,0:0:0:0:
320,192,29171,1,0,0:0:0:0:
64,192,29171,1,0,0:0:0:0:
192,192,29271,1,0,0:0:0:0:
64,192,29371,1,0,0:0:0:0:
64,192,29471,1,0,0:0:0:0:
320,192,29571,1,0,0:0:0:0:
448,192,29571,1,0,0:0:0:0:
192,192,29671,1,0,0:0:0:0:
448,192,29771,1,0,0:0:0:0:
448,192,29871,1,0,0:0:0:0:
192,192,29971,1,0,0:0:0:0:
64,192,29971,1,0,0:0:0:0:
320,192,30071,1,0,0:0:0:0:
448,192,30171,1,0,0:0:0:0:
192,192,30271,1,0,0:0:0:0:
192,192,30371,1,0,0:0:0:0:
64,192,30371,1,8,0:0:0:0:
448,192,30371,1,2,3:0:0:0:
320,192,30471,1,0,0:0:0:0:
192,192,30571,1,0,0:0:0:0:
64,192,30671,1,0,0:0:0:0:
448,192,30771,1,0,0:0:0:0:
320,192,30771,1,0,0:0:0:0:
64,192,30871,1,0,0:0:0:0:
192,192,30971,1,0,0:0:0:0:
192,192,31071,1,0,0:0:0:0:
320,192,31171,1,0,0:0:0:0:
448,192,31171,1,0,0:0:0:0:
64,192,31271,1,0,0:0:0:0:
448,192,31371,1,0,0:0:0:0:
448,192,31471,1,0,0:0:0:0:
320,192,31571,1,0,0:0:0:0:
64,192,31571,1,0,0:0:0:0:
192,192,31671,1,0,0:0:0:0:
320,192,31771,1,0,0:0:0:0:
320,192,31871,1,0,0:0:0:0:
64,192,31971,1,0,0:0:0:0:
448,192,31971,1,0,0:0:0:0:
192,192,32071,1,0,0:0:0:0:
448,192,32171,1,0,0:0:0:0:
448,192,32271,1,0,0:0:0:0:
192,192,32371,1,0,0:0:0:0:
64,192,32371,128,0,32571:0:0:0:0:
320,192,32571,128,0,32671:0:0:0:0:
448,192,32671,128,0,32771:0:0:0:0:
192,192,32771,128,0,32971:0:0:0:0:
64,192,32971,128,0,33071:0:0:0:0:
320,192,33071,128,0,33371:0:0:0:0:
448,192,33371,128,0,33471:0:0:0:0:
192,192,33471,128,0,33571:0:0:0:0:
320,192,33571,128,6,33671:1:1:0:0:
448,192,33571,1,0,0:0:0:0:
64,192,33671,128,0,33771:3:0:0:0:
448,192,33771,128,0,33971:0:0:0:0:
64,192,33971,1,4,0:0:0:0:
192,192,33971,1,0,0:0:0:0:
320,192,34071,1,0,0:0:0:0:
448,192,34171,1,0,0:0:0:0:
448,192,34271,1,0,0:0:0:0:
320,192,34371,1,0,0:0:0:0:
64,192,34371,1,0,0:0:0:0:
192,192,34471,1,0,0:0:0:0:
320,192,34571,1,0,0:0:0:0:
320,192,34671,1,0,0:0:0:0:
448,192,34771,1,0,0:0:0:0:
64,192,34771,1,0,0:0:0:0:
192,192,34871,1,0,0:0:0:0:
448,192,34971,1,0,0:0:0:0:
448,192,35071,1,0,0:0:0:0:
64,192,35171,1,0,0:0:0:0:
320,192,35171,1,0,0:0:0:0:
448,192,35271,1,0,0:0:0:0:
192,192,35371,1,0,0:0:0:0:
192,192,35471,1,0,0:0:0:0:
320,192,35571,1,0,0:0:0:0:
448,192,35571,1,0,0:0:0:0:
64,192,35671,1,0,0:0:0:0:
320,192,35771,1,0,0:0:0:0:
320,192,35871,1,0,0:0:0:0:
192,192,35971,1,0,0:0:0:0:
64,192,35971,1,0,0:0:0:0:
448,192,36071,1,0,0:0:0:0:
64,192,36171,1,0,0:0:0:0:
64,192,36271,1,0,0:0:0:0:
192,192,36371,1,0,0:0:0:0:
448,192,36371,1,0,0:0:0:0:
320,192,36471,1,0,0:0:0:0:
192,192,36571,1,0,0:0:0:0:
192,192,36671,1,0,0:0:0:0:
320,192,36771,1,0,0:0:0:0:
448,192,36771,1,8,2:0:0:0:
64,192,36771,1,0,0:0:0:0:
192,192,36871,1,0,0:0:0:0:
448,192,36971,1,0,0:0:0:0:
448,192,37071,1,0,0:0:0:0:
320,192,37171,1,0,0:0:0:0:
192,192,37171,1,0,0:0:0:0:
64,192,37271,1,0,0:0:0:0:
192,192,37371,1,0,0:0:0:0:
192,192,37471,5,0,0:0:0:0:
320,192,37571,1,0,0:0:0:0:
448,192,37571,1,0,0:0:0:0:
64,192,37671,1,0,0:0:0:0:
448,192,37771,1,0,0:0:0:0:
448,192,37871,1,0,0:0:0:0:
320,192,37971,1,0,0:0:0:0:
64,192,37971,1,0,0:0:0:0:
192,192,38071,1,0,0:0:0:0:
448,192,38171,1,0,0:0:0:0:
64,192,38271,1,0,0:0:0:0:
320,192,38371,1,0,0:0:0:0:
192,192,38371,1,0,0:0:0:0:
448,192,38471,1,0,0:0:0:0:
64,192,38571,5,0,0:0:0:0:
192,192,38621,1,0,0:0:0:0:
320,192,38671,1,0,0:0:0:0:
448,192,38721,1,0,0:0:0:0:
64,192,38771,128,8,38971:3:0:0:0:
192,192,38771,1,0,0:0:0:0:
192,192,39071,128,0,39171:0:0:0:0:
448,192,39071,128,8,39271:3:0:0:0:
320,192,39071,1,0,0:0:0:0:
320,192,39271,128,8,39371:3:0:0:0:
64,192,39271,128,0,39471:0:0:0:0:
192,192,39271,1,0,0:0:0:0:
192,192,39471,128,8,39771:0:0:0:0:
448,192,39471,1,0,0:0:0:0:
64,192,39771,128,0,39871:0:0:0:0:
448,192,39871,128,0,39971:0:0:0:0:
192,192,39971,128,0,40071:0:0:0:0:
64,192,39971,1,0,0:0:0:0:
448,192,40071,128,0,40171:0:0:0:0:
320,192,40171,128,0,40271:0:0:0:0:
64,192,40271,128,0,40371:0:0:0:0:
448,192,40371,128,2,40571:0:0:0:0:
192,192,40371,1,0,0:0:0:0:
320,192,40371,1,0,0:0:0:0:
64,192,40471,1,0,0:0:0:0:
192,192,40571,1,0,0:0:0:0:
320,192,40671,1,0,0:0:0:0:
448,192,40771,1,0,0:0:0:0:
192,192,40771,1,8,0:0:0:0:
64,192,40871,1,0,0:0:0:0:
320,192,40971,1,0,0:0:0:0:
448,192,41071,1,0,0:0:0:0:
192,192,41171,1,0,0:0:0:0:
64,192,41171,1,0,0:0:0:0:
448,192,41271,1,0,0:0:0:0:
192,192,41371,1,0,0:0:0:0:
320,192,41471,1,0,0:0:0:0:
448,192,41571,1,8,0:0:0:0:
192,192,41571,1,0,0:0:0:0:
64,192,41671,1,0,0:0:0:0:
320,192,41771,1,0,0:0:0:0:
192,192,41871,1,0,0:0:0:0:
64,192,41971,1,0,0:0:0:0:
448,192,42071,1,0,0:0:0:0:
192,192,42171,1,0,0:0:0:0:
320,192,42271,1,0,0:0:0:0:
448,192,42371,1,0,0:0:0:0:
192,192,42371,1,8,0:0:0:0:
64,192,42471,1,0,0:0:0:0:
448,192,42571,1,0,0:0:0:0:
192,192,42671,1,0,0:0:0:0:
64,192,42771,1,0,0:0:0:0:
320,192,42771,1,0,0:0:0:0:
448,192,42871,1,0,0:0:0:0:
64,192,42971,1,0,0:0:0:0:
192,192,43071,1,0,0:0:0:0:
448,192,43171,128,0,43571:2:0:0:0:
320,192,43571,1,6,0:0:0:0:
192,192,43571,1,6,0:0:0:0:
64,192,43671,1,0,0:0:0:0:
320,192,43771,1,0,0:0:0:0:
448,192,43871,1,0,0:0:0:0:
192,192,43971,1,8,0:0:0:0:
64,192,43971,1,0,0:0:0:0:
320,192,44071,1,0,0:0:0:0:
64,192,44171,1,0,0:0:0:0:
192,192,44271,1,0,0:0:0:0:
320,192,44371,1,0,0:0:0:0:
448,192,44371,1,0,0:0:0:0:
64,192,44471,1,0,0:0:0:0:
320,192,44571,1,0,0:0:0:0:
192,192,44671,1,0,0:0:0:0:
64,192,44771,1,8,0:0:0:0:
448,192,44771,1,0,0:0:0:0:
320,192,44871,1,0,0:0:0:0:
64,192,44971,1,0,0:0:0:0:
192,192,45071,1,0,0:0:0:0:
320,192,45171,1,0,0:0:0:0:
448,192,45171,1,0,0:0:0:0:
192,192,45271,1,0,0:0:0:0:
64,192,45371,1,0,0:0:0:0:
320,192,45471,1,0,0:0:0:0:
448,192,45571,1,8,0:0:0:0:
192,192,45571,1,0,0:0:0:0:
320,192,45671,1,0,0:0:0:0:
64,192,45771,1,0,0:0:0:0:
320,192,45871,1,4,0:0:0:0:
448,192,45871,1,8,0:0:0:0:
192,192,45871,1,0,0:0:0:0:
320,192,46071,1,8,0:0:0:0:
192,192,46071,1,4,0:0:0:0:
64,192,46071,1,0,0:0:0:0:
64,192,46271,1,4,0:0:0:0:
448,192,46271,1,0,0:0:0:0:
192,192,46271,1,8,0:0:0:0:
320,192,46371,128,0,46771:0:0:0:0:
64,192,46771,1,6,0:0:0:0:
192,192,46771,1,6,0:0:0:0:
320,192,46871,1,0,0:0:0:0:
448,192,46971,1,0,0:0:0:0:
320,192,47071,1,0,0:0:0:0:
64,192,47171,1,8,0:0:0:0:
192,192,47171,1,0,0:0:0:0:
448,192,47271,1,0,0:0:0:0:
320,192,47371,1,0,0:0:0:0:
64,192,47471,1,0,0:0:0:0:
192,192,47571,1,0,0:0:0:0:
448,192,47571,1,0,0:0:0:0:
320,192,47671,1,0,0:0:0:0:
192,192,47771,1,0,0:0:0:0:
64,192,47871,1,0,0:0:0:0:
448,192,47971,128,0,48371:0:0:0:0:
64,192,48371,1,6,0:0:0:0:
320,192,48371,1,6,0:0:0:0:
192,192,48471,1,0,0:0:0:0:
448,192,48571,1,0,0:0:0:0:
320,192,48671,1,0,0:0:0:0:
64,192,48771,1,0,0:0:0:0:
192,192,48771,1,8,0:0:0:0:
448,192,48871,1,0,0:0:0:0:
64,192,48971,1,0,0:0:0:0:
320,192,49071,1,0,0:0:0:0:
448,192,49171,1,0,0:0:0:0:
192,192,49171,1,0,0:0:0:0:
64,192,49271,1,0,0:0:0:0:
448,192,49371,1,0,0:0:0:0:
192,192,49471,1,0,0:0:0:0:
64,192,49571,128,4,49671:0:0:0:0:
320,192,49571,128,4,49671:0:0:0:0:
320,192,49771,128,4,49971:0:0:0:0:
64,192,49771,128,4,49971:0:0:0:0:
192,192,49971,1,6,0:0:0:0:
448,192,49971,1,6,0:0:0:0:
320,192,50071,1,0,0:0:0:0:
192,192,50171,1,0,0:0:0:0:
64,192,50171,1,0,0:0:0:0:
448,192,50271,1,0,0:0:0:0:
64,192,50371,1,0,0:0:0:0:
320,192,50371,1,0,0:0:0:0:
192,192,50471,1,0,0:0:0:0:
320,192,50571,1,0,0:0:0:0:
448,192,50571,1,0,0:0:0:0:
64,192,50671,1,0,0:0:0:0:
192,192,50771,1,0,0:0:0:0:
448,192,50771,1,0,0:0:0:0:
320,192,50871,1,0,0:0:0:0:
192,192,50971,1,0,0:0:0:0:
64,192,50971,1,0,0:0:0:0:
448,192,51071,1,0,0:0:0:0:
64,192,51171,1,0,0:0:0:0:
320,192,51171,1,0,0:0:0:0:
192,192,51271,1,0,0:0:0:0:
320,192,51371,1,0,0:0:0:0:
448,192,51371,1,0,0:0:0:0:
448,192,51471,1,0,0:0:0:0:
192,192,51571,1,0,2:0:0:0:
64,192,51571,1,0,2:0:0:0:
192,192,51671,1,0,2:0:0:0:
64,192,51671,1,0,2:0:0:0:
320,192,51771,1,0,2:0:0:0:
448,192,51771,1,0,2:0:0:0:
64,192,51871,1,0,2:0:0:0:
192,192,51871,1,0,2:0:0:0:
320,192,51971,1,0,2:0:0:0:
448,192,51971,1,0,2:0:0:0:
320,192,52071,1,0,2:0:0:0:
448,192,52071,1,0,2:0:0:0:
192,192,52171,1,0,2:0:0:0:
64,192,52171,1,0,2:0:0:0:
320,192,52271,1,0,2:0:0:0:
448,192,52271,1,0,2:0:0:0:
64,192,52371,1,2,2:0:0:0:
192,192,52421,1,2,2:0:0:0:
320,192,52471,1,2,2:0:0:0:
448,192,52521,1,2,2:0:0:0:
64,192,52571,1,2,2:0:0:0:
192,192,52621,1,2,2:0:0:0:
448,192,52671,1,2,2:0:0:0:
320,192,52721,1,2,2:0:0:0:
192,192,52771,1,4,3:0:0:0:
64,192,52821,1,4,3:0:0:0:
320,192,52871,1,4,3:0:0:0:
448,192,52921,1,4,3:0:0:0:
64,192,52971,1,4,3:0:0:0:
192,192,53021,1,4,3:0:0:0:
320,192,53071,1,4,3:0:0:0:
448,192,53121,1,4,3:0:0:0:
64,192,53171,1,6,2:1:0:0:
192,192,53171,1,6,2:2:0:0:
320,192,53171,1,6,2:0:0:0:
64,192,59571,132,4,60071:3:0:0:0:
192,192,59971,1,2,0:0:0:0:
320,192,60071,128,4,60171:0:0:0:0:
448,192,60171,128,4,60371:3:0:0:0:
192,192,60371,128,4,61171:3:0:0:0:
320,192,60771,1,2,0:0:0:0:
448,192,61171,128,4,61671:3:0:0:0:
192,192,61571,1,2,0:0:0:0:
320,192,61671,128,4,61771:3:0:0:0:
64,192,61771,128,4,61971:3:0:0:0:
192,192,61971,128,4,62571:3:0:0:0:
448,192,62371,1,2,0:0:0:0:
64,192,62571,128,4,62621:3:0:0:0:
320,192,62621,128,4,62671:3:0:0:0:
448,192,62671,128,4,62721:3:0:0:0:
192,192,62721,128,4,62771:3:0:0:0:
64,192,62771,128,4,63571:3:0:0:0:
192,192,63171,1,2,0:0:0:0:
320,192,63271,1,2,0:0:0:0:
448,192,63371,1,2,0:0:0:0:
192,192,63471,1,2,0:0:0:0:
320,192,63571,128,4,64371:3:0:0:0:
192,192,63771,1,2,0:0:0:0:
64,192,64071,1,2,0:0:0:0:
64,192,64271,1,2,0:0:0:0:
448,192,64371,128,4,65171:3:0:0:0:
192,192,64371,128,4,65171:3:0:0:0:
64,192,65171,128,4,65971:3:0:0:0:
320,192,65171,128,4,65971:3:0:0:0:
448,192,65971,128,4,66171:0:0:0:0:
192,192,65971,128,2,66371:3:0:0:0:
320,192,66171,128,4,66671:0:0:0:0:
64,192,66371,128,2,66471:3:0:0:0:
448,192,66471,128,4,66771:0:0:0:0:
64,192,66671,128,4,67071:0:0:0:0:
192,192,66771,128,2,67571:3:0:0:0:
320,192,66871,128,4,67071:0:0:0:0:
448,192,67071,128,4,67371:0:0:0:0:
320,192,67171,128,2,67471:3:0:0:0:
64,192,67271,128,4,67371:0:0:0:0:
64,192,67471,128,4,67571:0:0:0:0:
448,192,67571,128,2,67971:3:0:0:0:
64,192,67771,128,4,68171:0:0:0:0:
320,192,67971,128,2,68071:3:0:0:0:
192,192,68071,128,4,68571:0:0:0:0:
448,192,68271,128,4,68671:0:0:0:0:
64,192,68371,128,2,68471:3:0:0:0:
320,192,68471,128,4,68771:0:0:0:0:
64,192,68671,128,4,68871:0:0:0:0:
320,192,68871,128,4,68971:0:0:0:0:
448,192,68971,128,4,69071:0:0:0:0:
192,192,69071,128,4,69371:0:0:0:0:
64,192,69171,128,2,69571:3:0:0:0:
448,192,69371,128,4,69771:0:0:0:0:
320,192,69571,128,2,69671:3:0:0:0:
192,192,69671,128,4,70071:0:0:0:0:
64,192,69871,128,4,70171:0:0:0:0:
448,192,69971,128,2,70071:3:0:0:0:
320,192,70071,128,4,70371:0:0:0:0:
192,192,70271,128,4,70471:0:0:0:0:
448,192,70371,128,2,70471:3:0:0:0:
64,192,70471,128,4,70571:0:0:0:0:
448,192,70571,128,4,70671:0:0:0:0:
320,192,70671,128,4,70771:0:0:0:0:
64,192,70771,128,2,71071:3:0:0:0:
448,192,70871,128,4,71171:0:0:0:0:
320,192,70971,128,4,71271:0:0:0:0:
192,192,71071,128,4,71171:0:0:0:0:
64,192,71171,128,6,71371:3:0:0:0:
192,192,71271,128,4,71371:0:0:0:0:
448,192,71371,128,4,71471:0:0:0:0:
64,192,71471,1,0,0:0:0:0:
320,192,71471,1,8,0:0:0:0:
192,192,71471,1,6,0:0:0:0:
192,192,71771,1,6,0:0:0:0:
64,192,71771,1,8,0:0:0:0:
448,192,71771,1,0,0:0:0:0:
320,192,72071,1,8,0:0:0:0:
448,192,72071,1,6,0:0:0:0:
64,192,72071,1,0,0:0:0:0:
192,192,72371,1,8,0:0:0:0:
320,192,72371,1,0,0:0:0:0:
448,192,72371,1,6,0:0:0:0:
64,192,72471,1,0,0:0:0:0:
320,192,72571,1,0,0:0:0:0:
320,192,72671,1,0,0:0:0:0:
192,192,72771,1,0,0:0:0:0:
64,192,72871,1,0,0:0:0:0:
448,192,72971,1,0,0:0:0:0:
448,192,73071,1,0,0:0:0:0:
64,192,73171,1,0,0:0:0:0:
320,192,73271,1,0,0:0:0:0:
192,192,73371,1,0,0:0:0:0:
192,192,73471,1,0,0:0:0:0:
448,192,73571,1,0,0:0:0:0:
320,192,73671,1,0,0:0:0:0:
64,192,73771,1,0,0:0:0:0:
64,192,73871,1,0,0:0:0:0:
192,192,73971,1,0,2:0:0:0:
448,192,74071,1,0,2:0:0:0:
320,192,74171,1,0,2:0:0:0:
320,192,74271,1,0,2:0:0:0:
64,192,74371,1,0,2:0:0:0:
320,192,74471,1,0,2:0:0:0:
192,192,74571,1,0,2:0:0:0:
192,192,74671,1,0,2:0:0:0:
448,192,74771,1,0,2:0:0:0:
320,192,74871,1,0,2:0:0:0:
64,192,74971,1,0,2:0:0:0:
64,192,75071,1,0,2:0:0:0:
192,192,75171,1,0,2:0:0:0:
320,192,75271,1,0,2:0:0:0:
448,192,75371,1,0,2:0:0:0:
448,192,75471,1,0,2:0:0:0:
64,192,75571,1,4,2:0:0:0:
192,192,75621,1,4,2:0:0:0:
320,192,75671,1,4,2:0:0:0:
448,192,75721,1,4,2:0:0:0:
64,192,75771,1,4,2:0:0:0:
192,192,75821,1,4,2:0:0:0:
320,192,75871,1,4,2:0:0:0:
448,192,75921,1,4,2:0:0:0:
192,192,75971,1,4,2:0:0:0:
64,192,76021,1,4,2:0:0:0:
448,192,76071,1,4,2:0:0:0:
320,192,76121,1,4,2:0:0:0:
192,192,76171,1,4,2:0:0:0:
64,192,76221,1,4,2:0:0:0:
448,192,76271,1,4,2:0:0:0:
320,192,76321,1,4,2:0:0:0:
64,192,76371,1,2,2:0:0:0:
192,192,76421,1,2,2:0:0:0:
320,192,76471,1,2,2:0:0:0:
448,192,76521,1,2,2:0:0:0:
64,192,76571,1,2,2:0:0:0:
192,192,76621,1,2,2:0:0:0:
320,192,76671,1,2,2:0:0:0:
448,192,76721,1,2,2:0:0:0:
64,192,76771,1,2,2:0:0:0:
192,192,76821,1,2,2:0:0:0:
448,192,76871,1,2,2:0:0:0:
320,192,76921,1,2,2:0:0:0:
192,192,76971,1,2,2:0:0:0:
64,192,77021,1,2,2:0:0:0:
448,192,77071,1,2,2:0:0:0:
320,192,77121,1,2,2:0:0:0:
192,192,77171,1,0,0:0:0:0:
448,192,77171,1,0,0:0:0:0:
64,192,77171,128,0,77371:0:0:0:0:
320,192,77271,128,0,77471:0:0:0:0:
448,192,77371,128,0,77571:0:0:0:0:
192,192,77471,128,0,77671:0:0:0:0:
64,192,77571,128,0,77771:0:0:0:0:
448,192,77671,128,0,77871:0:0:0:0:
320,192,77771,128,0,77971:0:0:0:0:
64,192,77871,128,0,77971:0:0:0:0:
64,192,78071,128,0,78171:0:0:0:0:
64,192,78271,128,0,78371:0:0:0:0:
192,192,78371,128,0,78471:0:0:0:0:
320,192,78471,128,0,78571:0:0:0:0:
448,192,78571,128,0,78671:0:0:0:0:
192,192,78671,128,0,78771:0:0:0:0:
64,192,78771,1,8,0:0:0:0:
448,192,78771,1,0,0:0:0:0:
320,192,78771,1,0,0:0:0:0:
192,192,78871,1,4,0:0:0:0:
320,192,78971,1,8,0:0:0:0:
448,192,78971,1,0,0:0:0:0:
64,192,79071,1,4,0:0:0:0:
192,192,79171,1,8,0:0:0:0:
448,192,79171,1,0,0:0:0:0:
320,192,79271,1,4,0:0:0:0:
192,192,79371,1,0,0:0:0:0:
64,192,79371,1,8,0:0:0:0:
448,192,79471,1,4,0:0:0:0:
320,192,79571,1,8,0:0:0:0:
64,192,79571,1,0,0:0:0:0:
192,192,79671,1,4,0:0:0:0:
320,192,79771,1,0,0:0:0:0:
448,192,79771,1,8,0:0:0:0:
64,192,79871,1,8,0:0:0:0:
448,192,79871,1,0,0:0:0:0:
320,192,79971,1,4,0:0:0:0:
192,192,80071,1,8,0:0:0:0:
64,192,80071,1,0,0:0:0:0:
320,192,80121,1,8,0:0:0:0:
448,192,80121,1,0,0:0:0:0:
192,192,80171,1,0,0:0:0:0:
64,192,80171,1,8,0:0:0:0:
192,192,80271,1,8,0:0:0:0:
64,192,80271,1,0,0:0:0:0:
320,192,80371,1,0,0:0:0:0:
448,192,80371,1,8,0:0:0:0:
192,192,80471,1,4,0:0:0:0:
64,192,80571,1,0,0:0:0:0:
320,192,80571,1,8,0:0:0:0:
448,192,80671,1,4,0:0:0:0:
320,192,80771,1,0,0:0:0:0:
192,192,80771,1,8,0:0:0:0:
64,192,80871,1,4,0:0:0:0:
192,192,80971,1,0,0:0:0:0:
448,192,80971,1,8,0:0:0:0:
320,192,81071,1,8,0:0:0:0:
64,192,81071,1,0,0:0:0:0:
192,192,81171,1,4,0:0:0:0:
320,192,81271,1,8,0:0:0:0:
448,192,81271,1,0,0:0:0:0:
192,192,81371,1,4,0:0:0:0:
64,192,81471,1,8,0:0:0:0:
320,192,81471,1,0,0:0:0:0:
448,192,81571,1,4,0:0:0:0:
192,192,81671,1,8,0:0:0:0:
64,192,81671,1,0,0:0:0:0:
320,192,81771,1,8,0:0:0:0:
448,192,81771,1,0,0:0:0:0:
64,192,81821,1,8,0:0:0:0:
192,192,81821,1,0,0:0:0:0:
448,192,81871,1,8,0:0:0:0:
320,192,81871,1,0,0:0:0:0:
192,192,81921,1,8,0:0:0:0:
64,192,81921,1,0,0:0:0:0:
448,192,81971,1,8,0:0:0:0:
320,192,81971,1,0,0:0:0:0:
192,192,82071,1,4,0:0:0:0:
64,192,82171,1,0,0:0:0:0:
448,192,82171,1,8,0:0:0:0:
320,192,82271,1,4,0:0:0:0:
192,192,82371,1,0,0:0:0:0:
64,192,82371,1,8,0:0:0:0:
448,192,82471,1,4,0:0:0:0:
320,192,82571,1,0,0:0:0:0:
192,192,82571,1,8,0:0:0:0:
64,192,82671,1,4,0:0:0:0:
192,192,82771,1,0,0:0:0:0:
448,192,82771,1,8,0:0:0:0:
320,192,82871,1,4,0:0:0:0:
192,192,82971,1,8,0:0:0:0:
64,192,82971,1,0,0:0:0:0:
192,192,83071,1,0,0:0:0:0:
448,192,83071,1,8,0:0:0:0:
320,192,83171,1,8,0:0:0:0:
64,192,83171,1,0,0:0:0:0:
64,192,83271,1,8,0:0:0:0:
448,192,83271,1,0,0:0:0:0:
320,192,83371,1,0,0:0:0:0:
192,192,83371,1,8,0:0:0:0:
448,192,83471,1,4,0:0:0:0:
320,192,83571,1,8,0:0:0:0:
64,192,83571,1,0,0:0:0:0:
192,192,83671,1,4,0:0:0:0:
320,192,83771,1,0,0:0:0:0:
448,192,83771,1,8,0:0:0:0:
192,192,83871,1,4,0:0:0:0:
64,192,83971,1,0,0:0:0:0:
320,192,83971,1,8,0:0:0:0:
448,192,84071,1,0,0:0:0:0:
192,192,84071,1,8,0:0:0:0:
320,192,84171,1,4,0:0:0:0:
192,192,84271,1,4,0:0:0:0:
64,192,84271,1,8,0:0:0:0:
448,192,84271,1,0,0:0:0:0:
320,192,84471,1,8,0:0:0:0:
448,192,84471,1,4,0:0:0:0:
64,192,84471,1,0,0:0:0:0:
192,192,84671,1,0,0:0:0:0:
64,192,84671,1,4,0:0:0:0:
448,192,84671,1,8,0:0:0:0:
320,192,84771,1,8,0:0:0:0:
448,192,84771,1,0,0:0:0:0:
64,192,84871,1,8,0:0:0:0:
192,192,84871,1,0,0:0:0:0:
320,192,84971,1,8,0:0:0:0:
448,192,84971,1,0,0:0:0:0:
192,192,85021,1,8,0:0:0:0:
64,192,85021,1,0,0:0:0:0:
320,192,85071,1,0,0:0:0:0:
448,192,85071,1,8,0:0:0:0:
192,192,85121,1,0,0:0:0:0:
64,192,85121,1,8,0:0:0:0:
320,192,85171,1,8,0:0:0:0:
448,192,85171,1,0,0:0:0:0:
192,192,85271,1,4,0:0:0:0:
64,192,85371,1,0,0:0:0:0:
320,192,85371,1,8,0:0:0:0:
448,192,85471,1,4,0:0:0:0:
320,192,85571,1,0,0:0:0:0:
192,192,85571,1,8,0:0:0:0:
64,192,85671,1,4,0:0:0:0:
320,192,85771,1,0,0:0:0:0:
448,192,85771,1,8,0:0:0:0:
64,192,85871,1,4,0:0:0:0:
192,192,85971,1,8,0:0:0:0:
448,192,85971,1,0,0:0:0:0:
320,192,86071,1,4,0:0:0:0:
192,192,86171,1,0,0:0:0:0:
64,192,86171,1,8,0:0:0:0:
320,192,86271,1,4,0:0:0:0:
448,192,86371,1,8,0:0:0:0:
64,192,86371,1,0,0:0:0:0:
192,192,86471,1,8,0:0:0:0:
448,192,86471,1,0,0:0:0:0:
320,192,86571,1,0,0:0:0:0:
64,192,86571,1,8,0:0:0:0:
192,192,86621,1,0,0:0:0:0:
64,192,86671,1,0,0:0:0:0:
448,192,86671,1,8,0:0:0:0:
320,192,86771,1,8,0:0:0:0:
192,192,86771,1,0,0:0:0:0:
448,192,86871,1,4,0:0:0:0:
320,192,86971,1,0,0:0:0:0:
64,192,86971,1,8,0:0:0:0:
192,192,87071,1,4,0:0:0:0:
320,192,87171,1,8,0:0:0:0:
448,192,87171,1,0,0:0:0:0:
64,192,87271,1,4,0:0:0:0:
192,192,87371,1,8,0:0:0:0:
448,192,87371,1,0,0:0:0:0:
320,192,87471,1,8,0:0:0:0:
64,192,87471,1,0,0:0:0:0:
192,192,87571,1,4,0:0:0:0:
320,192,87671,1,8,0:0:0:0:
448,192,87671,1,0,0:0:0:0:
192,192,87771,1,4,0:0:0:0:
320,192,87871,1,0,0:0:0:0:
64,192,87871,1,8,0:0:0:0:
192,192,87971,1,4,0:0:0:0:
448,192,88071,1,0,0:0:0:0:
320,192,88171,1,8,0:0:0:0:
64,192,88171,1,0,0:0:0:0:
192,192,88221,1,8,0:0:0:0:
448,192,88221,1,0,0:0:0:0:
320,192,88271,1,0,0:0:0:0:
64,192,88271,1,8,0:0:0:0:
192,192,88371,1,8,0:0:0:0:
448,192,88371,1,0,0:0:0:0:
320,192,88471,1,4,0:0:0:0:
192,192,88571,1,8,0:0:0:0:
64,192,88571,1,0,0:0:0:0:
320,192,88671,1,4,0:0:0:0:
448,192,88771,1,8,0:0:0:0:
64,192,88771,1,0,0:0:0:0:
192,192,88871,1,4,0:0:0:0:
320,192,88971,1,8,0:0:0:0:
64,192,88971,1,0,0:0:0:0:
448,192,89071,1,4,0:0:0:0:
64,192,89171,1,8,0:0:0:0:
192,192,89171,1,0,0:0:0:0:
192,192,89271,1,8,0:0:0:0:
64,192,89271,1,0,0:0:0:0:
448,192,89371,1,0,0:0:0:0:
320,192,89421,1,0,0:0:0:0:
192,192,89471,1,0,0:0:0:0:
64,192,89521,1,0,0:0:0:0:
320,192,89571,1,0,0:0:0:0:
448,192,89571,1,8,0:0:0:0:
448,192,89671,1,0,0:0:0:0:
320,192,89671,1,8,0:0:0:0:
64,192,89771,1,0,0:0:0:0:
192,192,89799,1,0,0:0:0:0:
320,192,89856,1,0,0:0:0:0:
448,192,89913,1,0,0:0:0:0:
64,192,89971,1,6,0:0:0:0:
192,192,89971,1,8,0:0:0:0:
320,192,90071,1,4,0:0:0:0:
192,192,90171,1,4,0:0:0:0:
320,192,90271,1,8,0:0:0:0:
448,192,90271,1,6,0:0:0:0:
192,192,90371,1,4,0:0:0:0:
320,192,90471,1,4,0:0:0:0:
192,192,90571,1,8,0:0:0:0:
64,192,90571,1,6,0:0:0:0:
320,192,90671,1,4,0:0:0:0:
64,192,90771,128,0,90871:0:0:0:0:
192,192,90871,128,0,90971:0:0:0:0:
448,192,90971,128,0,91071:0:0:0:0:
320,192,91071,128,0,91171:0:0:0:0:
192,192,91171,128,0,91221:0:0:0:0:
64,192,91221,128,0,91271:0:0:0:0:
448,192,91271,128,0,91371:0:0:0:0:
320,192,91371,128,0,91471:0:0:0:0:
64,192,91471,128,0,91571:0:0:0:0:
192,192,91571,1,6,0:0:0:0:
320,192,91571,1,6,0:0:0:0:
448,192,91571,1,0,0:0:0:0:
64,192,91671,1,0,0:0:0:0:
192,192,91771,1,0,0:0:0:0:
448,192,91871,1,0,0:0:0:0:
320,192,91971,1,8,0:0:0:0:
192,192,91971,1,0,0:0:0:0:
64,192,92071,1,0,0:0:0:0:
448,192,92171,1,0,0:0:0:0:
192,192,92271,1,0,0:0:0:0:
64,192,92371,1,0,0:0:0:0:
320,192,92371,1,0,0:0:0:0:
448,192,92471,1,0,0:0:0:0:
64,192,92571,1,0,0:0:0:0:
192,192,92671,1,0,0:0:0:0:
320,192,92771,1,0,0:0:0:0:
448,192,92771,1,8,0:0:0:0:
64,192,92871,1,0,0:0:0:0:
448,192,92971,1,0,0:0:0:0:
192,192,93071,1,0,0:0:0:0:
64,192,93171,1,0,0:0:0:0:
320,192,93171,1,0,0:0:0:0:
448,192,93271,1,0,0:0:0:0:
192,192,93371,1,0,0:0:0:0:
64,192,93471,1,0,0:0:0:0:
320,192,93571,1,8,0:0:0:0:
448,192,93571,1,0,0:0:0:0:
64,192,93671,1,0,0:0:0:0:
320,192,93771,1,0,0:0:0:0:
192,192,93871,1,0,0:0:0:0:
448,192,93971,1,0,0:0:0:0:
64,192,93971,1,0,0:0:0:0:
320,192,94071,1,0,0:0:0:0:
64,192,94171,1,0,0:0:0:0:
192,192,94271,1,0,0:0:0:0:
320,192,94371,1,0,0:0:0:0:
448,192,94371,1,8,0:0:0:0:
64,192,94471,1,0,0:0:0:0:
192,192,94571,1,0,0:0:0:0:
320,192,94637,1,0,0:0:0:0:
448,192,94704,1,0,0:0:0:0:
192,192,94771,1,0,0:0:0:0:
64,192,94771,1,0,0:0:0:0:
448,192,94871,1,0,0:0:0:0:
320,192,94971,1,0,0:0:0:0:
64,192,95071,1,0,0:0:0:0:
192,192,95171,1,8,0:0:0:0:
320,192,95171,1,0,0:0:0:0:
448,192,95271,1,0,0:0:0:0:
64,192,95371,1,0,0:0:0:0:
448,192,95471,1,0,0:0:0:0:
320,192,95571,1,0,0:0:0:0:
192,192,95571,1,0,0:0:0:0:
64,192,95671,1,0,0:0:0:0:
192,192,95771,1,0,0:0:0:0:
448,192,95871,1,0,0:0:0:0:
320,192,95971,1,8,0:0:0:0:
64,192,95971,1,0,0:0:0:0:
192,192,96071,1,0,0:0:0:0:
448,192,96171,1,0,0:0:0:0:
320,192,96271,1,0,0:0:0:0:
192,192,96371,1,0,0:0:0:0:
64,192,96371,1,0,0:0:0:0:
320,192,96471,1,0,0:0:0:0:
448,192,96571,1,0,0:0:0:0:
64,192,96671,1,0,0:0:0:0:
192,192,96771,1,0,0:0:0:0:
320,192,96771,1,8,0:0:0:0:
448,192,96871,1,0,0:0:0:0:
64,192,96971,1,0,0:0:0:0:
192,192,97071,1,2,0:0:0:0:
320,192,97071,1,12,0:0:0:0:
448,192,97071,1,8,0:0:0:0:
64,192,97171,1,0,0:0:0:0:
320,192,97271,1,0,0:0:0:0:
448,192,97371,1,2,0:0:0:0:
192,192,97371,1,12,0:0:0:0:
64,192,97371,1,8,0:0:0:0:
320,192,97471,1,0,0:0:0:0:
192,192,97571,1,0,0:0:0:0:
64,192,97671,1,2,0:0:0:0:
320,192,97671,1,8,0:0:0:0:
448,192,97671,1,12,0:0:0:0:
192,192,97771,1,0,0:0:0:0:
448,192,97871,1,0,0:0:0:0:
320,192,97971,1,6,2:1:0:0:
192,192,97971,1,6,2:1:0:0:
64,192,98071,1,0,0:0:0:0:
448,192,98171,1,0,0:0:0:0:
320,192,98271,1,0,0:0:0:0:
192,192,98371,1,0,0:0:0:0:
64,192,98371,1,8,0:0:0:0:
320,192,98471,1,0,0:0:0:0:
64,192,98571,1,0,0:0:0:0:
192,192,98671,1,0,0:0:0:0:
320,192,98771,1,0,0:0:0:0:
448,192,98771,1,0,0:0:0:0:
192,192,98871,1,0,0:0:0:0:
448,192,98971,1,0,0:0:0:0:
320,192,99071,1,0,0:0:0:0:
192,192,99171,1,8,0:0:0:0:
64,192,99171,1,0,0:0:0:0:
320,192,99271,1,0,0:0:0:0:
64,192,99371,1,0,0:0:0:0:
320,192,99471,1,0,0:0:0:0:
448,192,99571,1,0,0:0:0:0:
192,192,99571,1,0,0:0:0:0:
64,192,99671,1,0,0:0:0:0:
320,192,99771,1,0,0:0:0:0:
64,192,99871,1,0,0:0:0:0:
192,192,99971,1,0,0:0:0:0:
448,192,99971,1,8,0:0:0:0:
320,192,100071,1,0,0:0:0:0:
64,192,100171,1,0,0:0:0:0:
320,192,100271,1,0,0:0:0:0:
192,192,100371,1,0,0:0:0:0:
64,192,100371,1,0,0:0:0:0:
448,192,100471,1,0,0:0:0:0:
192,192,100571,1,0,0:0:0:0:
64,192,100671,1,0,0:0:0:0:
192,192,100771,1,8,0:0:0:0:
448,192,100771,1,0,0:0:0:0:
320,192,100871,1,0,0:0:0:0:
192,192,100971,1,0,0:0:0:0:
64,192,101071,1,0,0:0:0:0:
320,192,101171,1,0,0:0:0:0:
448,192,101171,1,0,0:0:0:0:
192,192,101271,1,0,0:0:0:0:
320,192,101371,1,0,0:0:0:0:
64,192,101471,1,0,0:0:0:0:
192,192,101571,1,0,0:0:0:0:
448,192,101571,1,8,0:0:0:0:
320,192,101671,1,0,0:0:0:0:
64,192,101771,1,0,0:0:0:0:
192,192,101837,1,0,0:0:0:0:
320,192,101904,1,0,0:0:0:0:
192,192,101971,1,0,0:0:0:0:
448,192,101971,1,0,0:0:0:0:
64,192,102071,1,0,0:0:0:0:
192,192,102171,1,0,0:0:0:0:
448,192,102271,1,0,0:0:0:0:
320,192,102371,1,0,0:0:0:0:
192,192,102371,1,8,0:0:0:0:
64,192,102471,1,0,0:0:0:0:
320,192,102571,1,0,0:0:0:0:
192,192,102671,1,0,0:0:0:0:
64,192,102771,1,8,0:0:0:0:
320,192,102771,1,4,0:0:0:0:
448,192,102771,1,2,0:0:0:0:
192,192,102871,1,0,0:0:0:0:
320,192,102971,1,0,0:0:0:0:
448,192,103071,1,8,0:0:0:0:
192,192,103071,1,4,0:0:0:0:
64,192,103071,1,2,0:0:0:0:
320,192,103171,1,0,0:0:0:0:
192,192,103271,1,0,0:0:0:0:
64,192,103371,1,8,0:0:0:0:
320,192,103371,1,4,0:0:0:0:
448,192,103371,1,2,0:0:0:0:
192,192,103471,1,0,0:0:0:0:
320,192,103571,1,0,0:0:0:0:
448,192,103671,1,4,0:0:0:0:
192,192,103671,1,8,0:0:0:0:
64,192,103671,1,2,0:0:0:0:
320,192,103771,1,0,0:0:0:0:
192,192,103871,1,0,0:0:0:0:
64,192,103971,1,4,0:0:0:0:
320,192,103971,1,8,0:0:0:0:
448,192,103971,1,2,0:0:0:0:
192,192,104071,1,0,0:0:0:0:
448,192,104171,1,0,0:0:0:0:
320,192,104221,1,0,0:0:0:0:
192,192,104271,1,0,0:0:0:0:
64,192,104321,1,0,0:0:0:0:
320,192,104371,1,6,3:0:0:0:
448,192,104371,1,6,3:0:0:0:
64,192,109971,5,0,2:0:0:0:
192,192,110037,1,0,2:0:0:0:
320,192,110104,1,0,2:0:0:0:
448,192,110171,1,0,2:0:0:0:
64,192,110237,1,0,2:0:0:0:
192,192,110304,1,0,2:0:0:0:
320,192,110371,1,0,1:0:0:0:
448,192,110371,1,0,1:0:0:0:
320,192,110571,1,0,1:0:0:0:
448,192,110571,1,0,1:0:0:0:
64,192,110771,1,8,0:0:0:0:
448,192,110771,1,0,0:0:0:0:
192,192,110871,1,8,0:0:0:0:
320,192,110871,1,0,0:0:0:0:
448,192,110971,1,8,0:0:0:0:
64,192,110971,1,0,0:0:0:0:
320,192,111071,1,8,0:0:0:0:
192,192,111071,1,0,0:0:0:0:
64,192,111171,1,8,0:0:0:0:
320,192,111171,1,0,0:0:0:0:
448,192,111271,1,0,0:0:0:0:
320,192,111371,1,8,0:0:0:0:
192,192,111371,1,0,0:0:0:0:
64,192,111471,1,0,0:0:0:0:
448,192,111471,1,8,0:0:0:0:
192,192,111571,1,0,0:0:0:0:
448,192,111671,1,0,0:0:0:0:
192,192,111771,1,0,0:0:0:0:
64,192,111771,1,8,0:0:0:0:
320,192,111871,1,0,0:0:0:0:
448,192,111971,1,8,0:0:0:0:
192,192,111971,1,0,0:0:0:0:
64,192,112071,1,0,0:0:0:0:
320,192,112171,1,8,0:0:0:0:
448,192,112171,1,0,0:0:0:0:
448,192,112271,1,0,0:0:0:0:
320,192,112271,1,8,0:0:0:0:
192,192,112371,1,8,0:0:0:0:
64,192,112371,1,0,0:0:0:0:
320,192,112471,1,0,0:0:0:0:
448,192,112571,1,8,0:0:0:0:
192,192,112571,1,0,0:0:0:0:
320,192,112671,1,0,0:0:0:0:
192,192,112771,1,0,0:0:0:0:
64,192,112771,1,8,0:0:0:0:
320,192,112871,1,8,0:0:0:0:
448,192,112871,1,0,0:0:0:0:
64,192,112971,1,8,0:0:0:0:
320,192,112971,1,0,0:0:0:0:
64,192,113071,1,4,0:0:0:0:
192,192,113071,1,8,0:0:0:0:
448,192,113071,1,2,0:0:0:0:
448,192,113271,1,4,0:0:0:0:
320,192,113271,1,8,0:0:0:0:
64,192,113271,1,2,0:0:0:0:
192,192,113471,1,4,0:0:0:0:
320,192,113471,1,8,0:0:0:0:
64,192,113471,1,2,0:0:0:0:
448,192,113571,1,0,0:0:0:0:
64,192,113671,1,0,0:0:0:0:
192,192,113671,1,8,0:0:0:0:
320,192,113721,1,8,0:0:0:0:
448,192,113721,1,0,0:0:0:0:
192,192,113771,1,0,0:0:0:0:
64,192,113771,1,8,0:0:0:0:
192,192,113871,1,8,0:0:0:0:
64,192,113871,1,0,0:0:0:0:
320,192,113971,1,0,0:0:0:0:
448,192,113971,1,8,0:0:0:0:
192,192,114071,1,0,0:0:0:0:
64,192,114171,1,0,0:0:0:0:
320,192,114171,1,8,0:0:0:0:
448,192,114271,1,0,0:0:0:0:
320,192,114371,1,0,0:0:0:0:
192,192,114371,1,8,0:0:0:0:
64,192,114471,1,8,0:0:0:0:
448,192,114471,1,0,0:0:0:0:
64,192,114571,1,0,0:0:0:0:
320,192,114571,1,8,0:0:0:0:
448,192,114671,1,8,0:0:0:0:
192,192,114671,1,0,0:0:0:0:
320,192,114771,1,8,0:0:0:0:
448,192,114771,1,0,0:0:0:0:
192,192,114821,1,0,0:0:0:0:
64,192,114821,1,8,0:0:0:0:
320,192,114871,1,8,0:0:0:0:
448,192,114871,1,0,0:0:0:0:
192,192,114921,1,8,0:0:0:0:
64,192,114921,1,0,0:0:0:0:
320,192,114971,1,0,0:0:0:0:
448,192,114971,1,8,0:0:0:0:
64,192,115071,1,8,0:0:0:0:
192,192,115071,1,0,0:0:0:0:
64,192,115171,1,0,0:0:0:0:
448,192,115171,1,8,0:0:0:0:
320,192,115271,1,0,0:0:0:0:
192,192,115271,1,8,0:0:0:0:
448,192,115371,1,8,0:0:0:0:
192,192,115371,1,0,0:0:0:0:
320,192,115471,1,0,0:0:0:0:
64,192,115471,1,8,0:0:0:0:
64,192,115571,1,2,0:0:0:0:
192,192,115571,1,8,0:0:0:0:
448,192,115571,1,2,0:0:0:0:
320,192,115671,1,0,0:0:0:0:
64,192,115771,1,0,0:0:0:0:
192,192,115821,1,0,0:0:0:0:
320,192,115871,1,0,0:0:0:0:
448,192,115921,1,0,0:0:0:0:
64,192,115971,1,0,0:0:0:0:
192,192,115971,1,8,0:0:0:0:
320,192,116071,1,8,0:0:0:0:
448,192,116071,1,0,0:0:0:0:
448,192,116171,1,0,0:0:0:0:
320,192,116221,1,0,0:0:0:0:
192,192,116271,1,0,0:0:0:0:
64,192,116321,1,0,0:0:0:0:
320,192,116371,1,0,0:0:0:0:
448,192,116371,1,10,0:0:0:0:
64,192,116471,1,8,0:0:0:0:
192,192,116471,1,0,0:0:0:0:
192,192,116571,1,8,0:0:0:0:
448,192,116571,1,0,0:0:0:0:
320,192,116671,1,8,0:0:0:0:
64,192,116671,1,0,0:0:0:0:
192,192,116771,1,0,0:0:0:0:
320,192,116871,1,0,0:0:0:0:
448,192,116871,1,8,0:0:0:0:
192,192,116971,1,8,0:0:0:0:
64,192,116971,1,0,0:0:0:0:
320,192,117071,1,0,0:0:0:0:
448,192,117171,1,2,0:0:0:0:
192,192,117171,1,2,0:0:0:0:
64,192,117171,1,8,0:0:0:0:
320,192,117271,1,8,0:0:0:0:
192,192,117271,1,0,0:0:0:0:
448,192,117371,1,0,0:0:0:0:
320,192,117421,1,0,0:0:0:0:
192,192,117471,1,0,0:0:0:0:
64,192,117521,1,0,0:0:0:0:
320,192,117571,1,8,0:0:0:0:
448,192,117571,1,0,0:0:0:0:
192,192,117671,1,0,0:0:0:0:
64,192,117671,1,8,0:0:0:0:
320,192,117771,1,0,0:0:0:0:
448,192,117821,1,0,0:0:0:0:
64,192,117871,1,0,0:0:0:0:
192,192,117921,1,0,0:0:0:0:
320,192,117971,1,8,0:0:0:0:
448,192,117971,1,0,0:0:0:0:
192,192,118071,1,8,0:0:0:0:
64,192,118071,1,0,0:0:0:0:
320,192,118171,1,0,0:0:0:0:
192,192,118221,1,0,0:0:0:0:
448,192,118271,1,0,0:0:0:0:
64,192,118321,1,0,0:0:0:0:
320,192,118371,1,8,0:0:0:0:
448,192,118371,1,0,0:0:0:0:
192,192,118471,1,0,0:0:0:0:
64,192,118471,1,8,0:0:0:0:
448,192,118571,1,0,0:0:0:0:
64,192,118621,1,0,0:0:0:0:
320,192,118671,1,0,0:0:0:0:
192,192,118721,1,0,0:0:0:0:
448,192,118771,1,10,0:0:0:0:
64,192,118771,1,6,0:0:0:0:
192,192,118871,5,8,0:0:0:0:
320,192,118871,1,0,0:0:0:0:
448,192,118971,1,0,0:0:0:0:
192,192,119021,1,0,0:0:0:0:
64,192,119071,1,0,0:0:0:0:
320,192,119121,1,0,0:0:0:0:
448,192,119171,1,10,0:0:0:0:
64,192,119171,1,6,0:0:0:0:
192,192,119271,1,8,0:0:0:0:
320,192,119271,1,0,0:0:0:0:
64,192,119371,1,0,0:0:0:0:
320,192,119421,1,0,0:0:0:0:
448,192,119471,1,0,0:0:0:0:
192,192,119521,1,0,0:0:0:0:
320,192,119571,1,8,0:0:0:0:
64,192,119571,1,6,0:0:0:0:
192,192,119671,1,0,0:0:0:0:
320,192,119771,1,6,0:0:0:0:
448,192,119771,1,8,0:0:0:0:
192,192,119821,1,0,0:0:0:0:
64,192,119821,1,0,0:0:0:0:
448,192,119871,1,0,0:0:0:0:
320,192,119871,1,8,0:0:0:0:
192,192,119921,1,0,0:0:0:0:
64,192,119971,5,14,0:0:0:0:
192,192,120021,1,0,0:0:0:0:
320,192,120071,1,14,0:0:0:0:
448,192,120121,1,0,0:0:0:0:
64,192,120171,1,14,0:0:0:0:
192,192,120221,1,0,0:0:0:0:
320,192,120271,1,14,0:0:0:0:
448,192,120321,1,0,0:0:0:0:
192,192,120371,1,6,2:3:0:0:
320,192,120371,128,6,124371:2:3:0:0:
64,192,120371,128,6,124771:2:3:0:0:
64,192,125704,128,4,126637:0:0:0:0:
320,192,126637,128,4,127037:0:0:0:0:
448,192,127037,128,4,127704:0:0:0:0:
320,192,127704,128,4,127904:0:0:0:0:
192,192,127904,128,4,128371:0:0:0:0:
64,192,128371,128,4,129571:0:0:0:0:
320,192,129704,128,2,130371:0:0:0:0:
64,192,129704,128,4,131037:0:0:0:0:
320,192,131037,128,4,131971:0:0:0:0:
192,192,131037,128,4,131504:0:0:0:0:
64,192,131504,128,4,131971:0:0:0:0:
448,192,131971,128,4,132504:0:0:0:0:
192,192,131971,128,4,133228:0:0:0:0:
320,192,132504,128,4,134104:0:0:0:0:
64,192,133259,128,4,133526:0:0:0:0:
192,192,133526,128,4,134104:0:0:0:0:
448,192,134104,1,2,3:0:0:0:
64,192,134104,1,2,3:0:0:0:
